t ω_g β v_dc err_v i_f_ref_d v_w m_m_ref
0 1.5 0 5400 0 1081.34 12 1.0419e+06
0.1 1.5079 0 18769 -13369 -983.983 11.4145 -636300
0.2 1.51945 0 3237.64 2162.36 1637.7 12.5381 -643017
0.3 1.5346 0 5201.68 198.325 441.414 13.8426 -652910
0.4 1.54093 0 5527.27 -127.266 536.642 11.143 -665995
0.5 1.55218 0 5390.42 9.58433 577.099 12.6548 -671500
0.6 1.56481 0 5404.18 -4.18174 578.927 13.1944 -681338
0.7 1.57362 0 5408.69 -8.68697 592.94 12.0409 -692469
0.8 1.5756 0 5403.99 -3.98566 602.239 10.0696 -700296
0.9 1.58819 0 5401.71 -1.70898 606.337 13.3583 -702054
1 1.59484 0 5408.46 -8.46386 618.987 11.5148 -713317
1.1 1.59802 0 5403.06 -3.05662 626.883 10.516 -719309
1.2 1.60228 0 5401.66 -1.65594 630.512 10.8504 -722176
1.3 1.60946 0 5403.3 -3.29825 635.861 11.7539 -726029
1.4 1.61413 0 5404.68 -4.68143 643.856 11.0269 -732558
1.5 1.62429 0 5403.44 -3.43523 650.681 12.79 -736809
1.6 1.63689 0 5407.69 -7.69313 662.977 13.758 -746120
1.7 1.6492 0 5408.68 -8.67907 678.468 13.7558 -757735
1.8 1.6547 0 5407.28 -7.28268 692.409 11.4874 -769180
1.9 1.66693 0 5403.77 -3.77455 700.815 13.8794 -774312
2 1.67242 0 5408.38 -8.37726 714.219 11.5852 -785806
2.1 1.68088 0 5403.37 -3.36649 722.515 12.5975 -790993
2.2 1.68903 0 5406.24 -6.23851 732.732 12.5456 -799013
2.3 1.69402 0 5405.3 -5.30332 742.85 11.5488 -806774
2.4 1.70399 0 5403.82 -3.82489 750.487 13.3065 -811549
2.5 1.70917 0 5407.16 -7.16042 762.198 11.6941 -821133
2.6 1.71946 0 5403.86 -3.86067 770.674 13.5569 -826131
2.7 1.72805 0 5407.97 -7.97076 783.542 12.9729 -836114
2.8 1.73858 0 5406.43 -6.43434 795.987 13.8204 -844480
2.9 1.74713 0 5407.81 -7.81253 809.723 13.1008 -854812
3 1.75547 0 5406.14 -6.13784 821.684 13.0897 -863232
3.1 1.76404 0 5406.35 -6.34703 833.229 13.2415 -871496
3.2 1.76904 0 5406.06 -6.06391 844.465 11.9951 -880023
3.3 1.77826 0 5404.01 -4.0084 852.683 13.6193 -885025
3.4 1.77824 0 5406.33 -6.33247 863.305 10.3994 -894273
3.5 1.77872 0 5398.65 1.34573 864.094 10.5672 -894248
3.6 1.78489 0 5401.36 -1.35872 865.438 12.5043 -894738
3.7 1.79363 0 5406.23 -6.23112 874.794 13.5516 -900958
3.8 1.80036 0 5406.98 -6.98133 887.273 12.8167 -909800
3.9 1.80102 0 5404 -4.00475 895.875 10.7387 -916638
4 1.80089 0 5399.42 0.576992 896.76 10.4803 -917310
4.1 1.80547 0 5400.58 -0.582381 897.336 12.0783 -917179
4.2 1.8087 0 5404.25 -4.24844 903.569 11.635 -921852
4.3 1.81051 0 5402.15 -2.1456 908.394 11.1674 -925155
4.4 1.8177 0 5402.11 -2.10622 912.271 13.1267 -927004
4.5 1.81808 0 5405.58 -5.57924 921.025 10.735 -934385
4.6 1.82583 0 5400.46 -0.464104 924.045 13.4152 -934771
4.7 1.8266 0 5406.32 -6.31905 933.145 10.9136 -942756
4.8 1.82984 0 5399.98 0.0228381 935.792 11.7639 -943556
4.9 1.83308 0 5403.01 -3.01155 940.026 11.7844 -946903
5 1.84084 0 5403.52 -3.52361 946.268 13.5466 -950257
5.1 1.8402 0 5405.72 -5.72066 955.822 10.5166 -958318
5.2 1.83377 0 5397.07 2.93258 954.116 8.44785 -957659
5.3 1.83263 0 5394.59 5.40744 945.253 10.3053 -950979
5.4 1.82633 0 5399.11 0.889264 941.707 8.46526 -949788
5.5 1.82288 0 5394.49 5.51211 933.564 9.47845 -943278
5.6 1.82646 0 5398.8 1.20454 929.529 11.8602 -939714
5.7 1.82012 0 5402.43 -2.42775 932.439 8.41973 -943403
5.8 1.81799 0 5393.88 6.11893 924.847 9.90168 -936873
5.9 1.81951 0 5399.53 0.474008 921.585 11.1241 -934675
6 1.81291 0 5400.53 -0.534471 922.137 8.27764 -936244
6.1 1.80793 0 5393.54 6.45691 913.266 8.8711 -929458
6.2 1.80363 0 5396.35 3.65043 905.385 9.0926 -924364
6.3 1.80367 0 5397.45 2.5498 900.244 10.5482 -919974
6.4 1.80005 0 5400.09 -0.0855421 899.284 9.31407 -920010
6.5 1.79803 0 5396.78 3.21816 894.785 9.84197 -916326
6.6 1.79501 0 5398.44 1.55523 891.23 9.49398 -914266
6.7 1.7939 0 5397.79 2.21197 887.453 10.1228 -911199
6.8 1.78824 0 5398.65 1.35267 884.61 8.52699 -910069
6.9 1.78508 0 5395.23 4.77241 877.312 9.4011 -904337
7 1.77887 0 5397.4 2.60442 871.619 8.26965 -901148
7.1 1.7761 0 5395.25 4.74885 863.823 9.48862 -894883
7.2 1.77791 0 5399.1 0.898128 860.544 10.9931 -892097
7.3 1.77569 0 5401.5 -1.49633 862.272 9.67144 -893922
7.4 1.77342 0 5397.6 2.3971 859.529 9.64362 -891694
7.5 1.7715 0 5398.26 1.74237 856.057 9.74944 -889416
7.6 1.77582 0 5399.61 0.390375 854.769 11.8025 -887489
7.7 1.77761 0 5403.91 -3.90658 860.107 10.9846 -891815
7.8 1.77248 0 5399.87 0.125779 861.587 8.649 -893620
7.9 1.7684 0 5395.06 4.93944 854.574 9.00668 -888466
8 1.76285 0 5396.8 3.19775 847.974 8.44996 -884381
8.1 1.75726 0 5395.54 4.45587 840.34 8.41338 -878837
8.2 1.75264 0 5395.86 4.13553 832.623 8.74198 -873281
8.3 1.75711 0 5398.08 1.91637 828.17 11.7438 -868687
8.4 1.75271 0 5403.37 -3.37437 832.112 8.8242 -873126
8.5 1.75247 0 5395.95 4.04613 827.841 10.2021 -868761
8.6 1.74704 0 5399.56 0.436109 825.511 8.42571 -868519
8.7 1.74119 0 5395.12 4.8825 818.447 8.23585 -863150
8.8 1.74049 0 5396.31 3.69162 811.175 10.0018 -857373
8.9 1.73842 0 5400.08 -0.0798821 809.723 9.54794 -856690
9 1.73494 0 5398.02 1.98179 806.964 9.06244 -854654
9.1 1.73463 0 5397.65 2.34964 802.813 10.0953 -851235
9.2 1.73274 0 5400.01 -0.0110787 801.833 9.58124 -850929
9.3 1.73458 0 5398.95 1.05375 800.352 10.7721 -849078
9.4 1.73476 0 5401.64 -1.63651 802.212 10.2526 -850876
9.5 1.73475 0 5399.87 0.125868 802.728 10.1906 -851055
9.6 1.73264 0 5399.61 0.391127 802.124 9.51097 -851041
9.7 1.73678 0 5399.11 0.8885 800.706 11.5168 -848980
9.8 1.73662 0 5403.34 -3.34143 805.037 10.1516 -853039
9.9 1.73121 0 5398.43 1.56858 804.244 8.36351 -852877
10 1.72559 0 5395.13 4.87112 796.715 8.25618 -847580
10.1 1.7279 0 5397.08 2.91877 790.537 10.8864 -842085
10.2 1.72818 0 5402.59 -2.5891 792.948 10.2517 -844337
10.3 1.72227 0 5398.94 1.05907 792.553 8.12929 -844610
10.4 1.72149 0 5395.47 4.52852 785.724 9.88578 -838841
10.5 1.71757 0 5399.73 0.271998 783.42 8.83569 -838082
10.6 1.72158 0 5397.92 2.0777 780.378 11.3922 -834271
10.7 1.72728 0 5404.32 -4.31652 785.579 11.9699 -838175
10.8 1.72355 0 5403.02 -3.02273 791.668 8.92625 -843731
10.9 1.72855 0 5397.15 2.84929 788.935 11.751 -840089
11 1.72878 0 5404.25 -4.2465 793.71 10.2374 -844975
11.1 1.73161 0 5399.93 0.0694359 795.413 11.0715 -845195
11.2 1.72676 0 5401.22 -1.22368 797.108 8.54885 -847966
11.3 1.732 0 5396.88 3.11873 793.232 11.8455 -843228
11.4 1.72623 0 5403.64 -3.64148 797.041 8.20211 -848346
11.5 1.72154 0 5394.33 5.67498 790.589 8.58138 -842704
11.6 1.71821 0 5396.85 3.15057 783.743 9.04097 -838131
11.7 1.7225 0 5399.02 0.982002 781.024 11.4867 -834895
11.8 1.72046 0 5403.27 -3.27043 785.215 9.47478 -839073
11.9 1.72289 0 5398.24 1.75536 784.129 10.8996 -837082
12 1.72235 0 5401.94 -1.93842 786.116 9.96729 -839448
12.1 1.7238 0 5399.53 0.47136 786.273 10.5963 -838927
12.2 1.7243 0 5401.17 -1.17123 787.724 10.3015 -840336
12.3 1.72099 0 5399.67 0.334514 787.749 9.05842 -840821
12.4 1.71537 0 5396.64 3.36024 782.873 8.21217 -837595
12.5 1.71643 0 5396.59 3.40953 776.644 10.4404 -832137
12.6 1.7155 0 5401.47 -1.46964 777.269 9.80829 -833168
12.7 1.70983 0 5398.31 1.68871 775.513 8.16758 -832259
12.8 1.71209 0 5396.35 3.64893 769.655 10.7913 -826767
12.9 1.71784 0 5403.34 -3.34277 772.818 11.932 -828954
13 1.71908 0 5404.05 -4.04886 779.94 10.5098 -834536
13.1 1.72163 0 5400.39 -0.393444 782.211 10.9309 -835744
13.2 1.71666 0 5400.9 -0.896175 783.641 8.45598 -838226
13.3 1.71876 0 5396.38 3.62472 778.914 10.7751 -833386
13.4 1.71777 0 5402.08 -2.08325 780.312 9.80214 -835425
13.5 1.71924 0 5399.25 0.748381 780.141 10.5809 -834464
13.6 1.71859 0 5401.05 -1.05392 781.309 9.91464 -835892
13.7 1.71483 0 5398.77 1.22918 780.024 8.87819 -835264
13.8 1.71525 0 5397.42 2.57888 775.869 10.2358 -831613
13.9 1.71483 0 5400.81 -0.808082 775.914 9.9682 -832025
14 1.71294 0 5399.36 0.637822 775.358 9.48993 -831616
14.1 1.712 0 5398.52 1.48059 773.001 9.79096 -829779
14.2 1.71747 0 5400.44 -0.439619 772.993 11.8375 -828868
14.3 1.71263 0 5403.36 -3.35996 777.914 8.48999 -834175
14.4 1.71498 0 5396.06 3.93865 773.789 10.8348 -829484
14.5 1.71804 0 5402.83 -2.82517 776.099 11.0702 -831764
14.6 1.72053 0 5402.33 -2.32581 780.574 10.9078 -834729
14.7 1.71624 0 5400.65 -0.645226 782.469 8.6986 -837154
14.8 1.72118 0 5397.28 2.71783 778.914 11.6865 -832980
14.9 1.72304 0 5404.5 -4.5034 784.107 10.7221 -837781
15 1.71818 0 5399.93 0.0726891 785.914 8.5046 -839593
15.1 1.71404 0 5395.49 4.50614 779.534 8.7436 -834862
15.2 1.70918 0 5397.02 2.98285 773.42 8.46794 -830844
15.3 1.71486 0 5398.01 1.9866 769.356 11.8896 -826144
15.4 1.71938 0 5405.47 -5.4662 776.216 11.5427 -831644
15.5 1.72145 0 5402.77 -2.77208 782.439 10.7798 -836037
15.6 1.71684 0 5400.07 -0.06552 783.707 8.58694 -838051
15.7 1.71324 0 5395.82 4.17617 777.851 8.92729 -833562
15.8 1.70988 0 5397.59 2.4148 772.678 8.9914 -830073
15.9 1.71316 0 5398.64 1.35824 769.74 11.1182 -826815
16 1.71628 0 5403.31 -3.3109 773.829 11.0809 -829999
16.1 1.71416 0 5401.45 -1.4489 777.274 9.42245 -833023
16.2 1.7082 0 5397.06 2.93561 773.752 8.04575 -830966
16.3 1.70345 0 5395.32 4.68248 765.91 8.48262 -825193
16.4 1.70447 0 5397.66 2.33622 760.633 10.3697 -820614
16.5 1.70606 0 5401.67 -1.66598 761.99 10.5525 -821598
16.6 1.7107 0 5401.67 -1.67116 765.051 11.5332 -823127
16.7 1.70804 0 5402.66 -2.66433 769.513 9.21831 -827617
16.8 1.71224 0 5398.06 1.94091 767.908 11.4003 -825045
16.9 1.70772 0 5402.7 -2.69918 770.889 8.58051 -829108
17 1.71357 0 5397.08 2.92001 767.919 11.936 -824733
17.1 1.70912 0 5404.13 -4.12851 772.498 8.61423 -830388
17.2 1.71201 0 5396.46 3.54049 769.26 10.9876 -826085
17.3 1.71181 0 5402.61 -2.61317 771.44 10.0231 -828881
17.4 1.71708 0 5400.32 -0.315449 772.993 11.7696 -828685
17.5 1.71985 0 5404.2 -4.19733 779.041 10.9917 -833795
17.6 1.72034 0 5401.35 -1.34796 782.72 10.2803 -836491
17.7 1.71962 0 5399.8 0.198242 783.012 9.89496 -836968
17.8 1.71807 0 5399.19 0.809625 781.787 9.62381 -836264
17.9 1.72108 0 5399.45 0.545433 780.675 11.072 -834757
18 1.72312 0 5402.73 -2.729 784.289 10.7799 -837683
18.1 1.72547 0 5401.41 -1.41163 787.435 10.8875 -839673
18.2 1.72985 0 5402.06 -2.05808 790.934 11.5559 -841964
18.3 1.72861 0 5402.69 -2.68549 795.59 9.77178 -846244
18.4 1.72293 0 5397.56 2.43759 793.294 8.22044 -845032
18.5 1.72326 0 5396.07 3.92596 786.729 10.2461 -839485
18.6 1.71794 0 5400.31 -0.305508 785.495 8.33387 -839813
18.7 1.71205 0 5395.2 4.79557 778.867 8.09188 -834632
18.8 1.70657 0 5395.65 4.34823 770.707 8.22757 -828918
18.9 1.7053 0 5396.79 3.21459 764.334 9.6553 -823625
19 1.70159 0 5399.32 0.683143 762.009 8.83732 -822397
19.1 1.69592 0 5396.68 3.3196 757.042 8.10549 -818820
19.2 1.69263 0 5396 4.00181 749.996 8.94462 -813371
19.3 1.69743 0 5399.23 0.77175 747.212 11.5063 -810225
19.4 1.69628 0 5403.69 -3.69221 752.087 9.65523 -814823
19.5 1.69984 0 5399.02 0.984138 752.266 11.1313 -813723
19.6 1.69843 0 5402.42 -2.42341 755.263 9.57968 -817138
19.7 1.69277 0 5397.69 2.30757 753.039 8.09673 -815779
19.8 1.69643 0 5396.71 3.28512 747.432 11.1472 -810352
19.9 1.69693 0 5403.51 -3.50539 750.978 10.1725 -813864
20 1.69868 0 5400.11 -0.113284 752.624 10.5686 -814343
20.1 1.69976 0 5401.27 -1.26539 754.455 10.3639 -816028
20.2 1.69951 0 5400.51 -0.508209 755.708 9.95263 -817060
20.3 1.69564 0 5399.08 0.919278 754.628 8.75673 -816823
20.4 1.6898 0 5396.43 3.56952 749.209 8.01453 -813105
20.5 1.69225 0 5396.82 3.18454 743.208 10.7492 -807516
20.6 1.68698 0 5401.79 -1.78628 744.375 8.21981 -809854
20.7 1.68308 0 5395.39 4.61018 738.636 8.69514 -804820
20.8 1.68223 0 5397.84 2.15514 733.645 9.68369 -801107
20.9 1.678 0 5399.39 0.609881 731.872 8.55775 -800290
21 1.67677 0 5396.99 3.01168 727.37 9.54523 -796272
21.1 1.67614 0 5399.63 0.366921 725.576 9.72563 -795113
21.2 1.67491 0 5399.58 0.42365 724.823 9.53633 -794508
21.3 1.67237 0 5398.85 1.15092 723.022 9.10412 -793347
21.4 1.667 0 5397.64 2.35888 719.211 8.09644 -790943
21.5 1.66989 0 5397.09 2.90553 714.116 10.7745 -785873
21.6 1.66724 0 5402.35 -2.34505 716.189 9.04493 -788600
21.7 1.66429 0 5397.37 2.62741 713.481 8.93746 -786094
21.8 1.66307 0 5398.13 1.87432 709.726 9.48586 -783321
21.9 1.6628 0 5399.58 0.420939 708.338 9.781 -782171
22 1.66076 0 5399.69 0.31452 707.717 9.21434 -781918
22.1 1.65894 0 5398.37 1.62674 705.291 9.28171 -779993
22.2 1.65466 0 5398.44 1.56432 702.397 8.43963 -778292
22.3 1.65219 0 5397.01 2.98566 697.527 9.04314 -774275
22.4 1.65133 0 5398.8 1.20256 694.567 9.54875 -771969
22.5 1.64809 0 5399.31 0.687245 693.089 8.77063 -771166
22.6 1.65282 0 5398.6 1.40363 690.82 11.2463 -768140
22.7 1.6499 0 5403.19 -3.19279 694.723 8.88377 -772560
22.8 1.64462 0 5396.67 3.33417 691.379 8.03434 -769828
22.9 1.64785 0 5397.27 2.73036 686.118 10.7694 -764906
23 1.65063 0 5403.32 -3.31851 689.636 10.6465 -767916
23.1 1.64721 0 5400.95 -0.94807 692.379 8.70977 -770506
23.2 1.64885 0 5397.51 2.48563 689.279 10.2961 -767324
23.3 1.64962 0 5401.68 -1.67818 690.59 10.0414 -768847
23.4 1.65289 0 5400.8 -0.799433 692.428 10.8031 -769572
23.5 1.65868 0 5402.87 -2.86848 696.808 11.6018 -772619
23.6 1.66252 0 5404.03 -4.03153 703.705 11.0249 -778044
23.7 1.66135 0 5401.64 -1.63615 707.72 9.49544 -781649
23.8 1.66446 0 5399.11 0.885055 707.166 10.8154 -780551
23.9 1.66453 0 5402.31 -2.30671 710.041 9.89145 -783480
24 1.66188 0 5399.27 0.734544 709.984 9.02327 -783541
24.1 1.66216 0 5398.19 1.80558 707.129 9.94903 -781047
24.2 1.66376 0 5400.81 -0.813125 707.509 10.3534 -781317
24.3 1.66291 0 5400.94 -0.938639 709.176 9.60241 -782818
24.4 1.66362 0 5399.28 0.716956 708.564 10.0838 -782021
24.5 1.66752 0 5401.15 -1.15387 709.886 11.0678 -782688
24.6 1.66255 0 5401.86 -1.8642 713.002 8.22578 -786357
24.7 1.6596 0 5395.64 4.36091 707.648 8.91828 -781676
24.8 1.66367 0 5399.25 0.750005 704.742 11.1007 -778911
24.9 1.66791 0 5403.84 -3.83823 709.832 11.1751 -782735
25 1.66611 0 5402.05 -2.05474 714.354 9.31457 -786731
25.1 1.66671 0 5398.23 1.77262 712.728 10.0666 -785029
25.2 1.67245 0 5401.5 -1.49881 714.088 11.661 -785600
25.3 1.66843 0 5403.31 -3.30898 719.386 8.59067 -791015
25.4 1.66343 0 5395.7 4.2969 714.735 8.21837 -787218
25.5 1.6587 0 5396.44 3.56457 707.89 8.29842 -782506
25.6 1.66526 0 5398.48 1.51536 704.244 11.8798 -778063
25.7 1.66828 0 5405.54 -5.53837 711.405 10.8053 -784231
25.8 1.66552 0 5400.76 -0.760055 714.824 9.00183 -787076
25.9 1.66768 0 5397.94 2.06246 712.24 10.5448 -784471
26 1.67192 0 5402.51 -2.51116 714.904 11.1948 -786513
26.1 1.67608 0 5403.25 -3.24685 720.544 11.1949 -790515
26.2 1.67554 0 5402.17 -2.16905 724.976 9.75296 -794459
26.3 1.67691 0 5399.24 0.75982 724.826 10.3455 -793946
26.4 1.68265 0 5401.86 -1.86228 727.127 11.7214 -795241
26.5 1.68024 0 5403.47 -3.47329 732.811 9.17863 -800697
26.6 1.6789 0 5397.3 2.69551 730.485 9.51882 -798400
26.7 1.67355 0 5398.61 1.39496 727.377 8.12976 -797132
26.8 1.67758 0 5397.13 2.86682 722.746 11.1608 -792055
26.9 1.68094 0 5404 -4.00151 727.169 10.9726 -795874
27 1.67679 0 5401.19 -1.18758 730.539 8.58303 -799064
27.1 1.67673 0 5396.59 3.4127 726.234 9.90555 -795131
27.2 1.6732 0 5400.04 -0.0356905 724.837 8.77923 -795069
27.3 1.67807 0 5398.33 1.66895 722.501 11.4236 -791727
27.4 1.6793 0 5404 -3.99955 727.428 10.3134 -796345
27.5 1.68161 0 5400.53 -0.534844 729.878 10.6564 -797507
27.6 1.6838 0 5401.7 -1.69915 732.499 10.6285 -799705
27.7 1.68541 0 5401.47 -1.4708 735.292 10.4618 -801786
27.8 1.6884 0 5401.25 -1.25038 737.677 10.8965 -803326
27.9 1.6886 0 5401.89 -1.89455 740.877 10.0411 -806175
28 1.68299 0 5398.89 1.1066 740.121 8.07456 -806365
28.1 1.68326 0 5396.09 3.91144 734.14 10.0372 -801020
28.2 1.68486 0 5401.23 -1.22969 734.214 10.4559 -801272
28.3 1.6897 0 5401.83 -1.82716 737.31 11.4773 -802800
28.4 1.6857 0 5402.53 -2.52531 741.643 8.66862 -807419
28.5 1.68168 0 5395.92 4.07789 736.968 8.64877 -803597
28.6 1.68425 0 5398.13 1.87083 732.603 10.7458 -799776
28.7 1.68159 0 5402.02 -2.01915 734.655 9.10494 -802216
28.8 1.68105 0 5397.7 2.30277 732.266 9.77672 -799686
28.9 1.67884 0 5399.63 0.371118 730.767 9.24011 -799169
29 1.67643 0 5398.23 1.76527 728.122 9.16282 -797073
29.1 1.67631 0 5398.6 1.39787 725.404 9.88939 -794783
29.2 1.67758 0 5400.46 -0.455314 725.453 10.3177 -794676
29.3 1.6837 0 5401.78 -1.78247 728.158 11.8466 -795876
29.4 1.68745 0 5404.61 -4.61267 735.413 11.1284 -801691
29.5 1.68908 0 5402 -2.00355 740.192 10.4837 -805272
29.6 1.69256 0 5401.1 -1.0995 742.59 11.0692 -806828
29.7 1.69049 0 5401.93 -1.93091 745.777 9.33484 -810155
29.8 1.68892 0 5397.83 2.16817 743.541 9.48895 -808175
29.9 1.68988 0 5399.32 0.678584 741.665 10.282 -806677
30 1.69344 0 5401.46 -1.45966 743.434 11.0965 -807595
30.1 1.68871 0 5401.65 -1.6501 746.378 8.42521 -810993
30.2 1.68811 0 5396.07 3.92992 741.541 9.79184 -806470
30.3 1.68508 0 5399.79 0.207418 739.582 8.99667 -805901
30.4 1.68791 0 5398.44 1.56138 737.294 10.8455 -803010
30.5 1.69162 0 5402.91 -2.91471 740.739 11.1348 -805708
30.6 1.69501 0 5402.73 -2.72648 745.816 11.0546 -809251
30.7 1.6996 0 5402.51 -2.51005 750.509 11.4558 -812498
30.8 1.69712 0 5402.41 -2.40593 754.963 9.22974 -816911
30.9 1.7001 0 5398.04 1.96428 753.216 10.954 -814528
31 1.69982 0 5402.42 -2.41864 755.791 9.94328 -817391
31.1 1.7022 0 5399.78 0.221775 756.504 10.7784 -817121
31.2 1.70811 0 5402.57 -2.57342 760.036 11.9238 -819408
31.3 1.70483 0 5403.42 -3.415 765.939 8.99833 -825107
31.4 1.70793 0 5397.25 2.74899 763.513 11.0318 -821942
31.5 1.70225 0 5401.81 -1.81449 764.904 8.13072 -824934
31.6 1.70618 0 5396.16 3.8439 760.258 11.2812 -819457
31.7 1.70475 0 5403.35 -3.35208 763.351 9.60398 -823244
31.8 1.70145 0 5397.98 2.01822 761.928 8.97441 -821868
31.9 1.69918 0 5397.44 2.56207 757.463 9.30988 -818682
32 1.69615 0 5398.46 1.53916 754.208 9.04239 -816506
32.1 1.69913 0 5398.63 1.37461 751.618 10.9498 -813591
32.2 1.70403 0 5403.27 -3.26797 755.64 11.5774 -816455
32.3 1.70169 0 5402.72 -2.71891 760.857 9.2964 -821175
32.4 1.70759 0 5398.48 1.52385 759.862 11.9164 -818923
32.5 1.70429 0 5404.04 -4.04465 764.915 8.98838 -824606
32.6 1.70562 0 5397.04 2.9568 762.464 10.4724 -821420
32.7 1.70178 0 5400.79 -0.787485 762.32 8.7947 -822707
32.8 1.70135 0 5397.08 2.92212 758.536 9.90295 -819008
32.9 1.69881 0 5399.82 0.178748 757.046 9.2161 -818592
33 1.70106 0 5398.63 1.36913 755.041 10.7357 -816144
33.1 1.7045 0 5402.45 -2.45388 757.918 11.1176 -818316
33.2 1.69982 0 5401.44 -1.43572 760.981 8.49076 -821622
33.3 1.70505 0 5396.93 3.07162 757.262 11.6869 -817117
33.4 1.71039 0 5405.2 -5.20051 763.287 11.7545 -822153
33.5 1.70452 0 5402.24 -2.24427 768.654 8.06569 -827314
33.6 1.70364 0 5394.82 5.18089 762.306 9.77344 -821643
33.7 1.70645 0 5400.66 -0.658721 761.037 10.9346 -820798
33.8 1.70826 0 5402.48 -2.48227 764.814 10.6313 -823510
33.9 1.70648 0 5400.57 -0.568851 766.668 9.49839 -825253
34 1.70099 0 5397.62 2.38081 763.555 8.19679 -823535
34.1 1.70024 0 5396.25 3.75367 757.256 9.79776 -818244
34.2 1.69792 0 5399.93 0.0692902 755.567 9.28732 -817521
34.3 1.70087 0 5398.92 1.07683 754.021 10.9472 -815296
34.4 1.70131 0 5402.45 -2.45126 757.018 10.1761 -818127
34.5 1.70532 0 5400.51 -0.510723 758.777 11.3008 -818554
34.6 1.70858 0 5403.25 -3.24783 763.57 11.0853 -822413
34.7 1.71456 0 5402.69 -2.68682 768.732 11.987 -825561
34.8 1.7109 0 5403.25 -3.25326 774.455 8.89391 -831353
34.9 1.71462 0 5397.07 2.93139 771.704 11.2626 -827803
35 1.70941 0 5402.41 -2.40564 773.851 8.33732 -831410
35.1 1.70516 0 5395.13 4.8665 768.014 8.66903 -826362
35.2 1.71088 0 5398.52 1.47792 763.868 11.8784 -822265
35.3 1.71562 0 5405.5 -5.49733 770.988 11.5903 -827789
35.4 1.71995 0 5403.23 -3.23136 777.871 11.4826 -832381
35.5 1.71612 0 5401.79 -1.79481 781.77 8.86175 -836583
35.6 1.71007 0 5395.7 4.30224 776.469 8.02165 -832867
35.7 1.71034 0 5396.25 3.75022 769.361 10.1632 -827007
35.8 1.71525 0 5401.87 -1.866 770.4 11.6429 -827265
35.9 1.71353 0 5403.24 -3.24015 775.757 9.54958 -832021
36 1.71778 0 5398.65 1.35384 775.223 11.4446 -830355
36.1 1.72044 0 5403.7 -3.70438 779.869 10.9598 -834473
36.2 1.7148 0 5400.5 -0.49957 782.143 8.20132 -837061
36.3 1.71299 0 5395.21 4.79278 775.602 9.51783 -831584
36.4 1.71108 0 5399.25 0.752357 772.51 9.47601 -829830
36.5 1.7065 0 5398.25 1.75388 769.72 8.55717 -827978
36.6 1.70725 0 5397.07 2.92714 764.852 10.2967 -823557
36.7 1.71123 0 5401.8 -1.79906 766.145 11.3276 -824273
36.8 1.71081 0 5402.71 -2.70789 770.724 9.94775 -828129
36.9 1.71537 0 5399.77 0.23261 771.544 11.532 -827715
37 1.71879 0 5403.86 -3.8584 776.882 11.1912 -832134
37.1 1.7218 0 5402.31 -2.31325 781.777 11.0768 -835462
37.2 1.7232 0 5401.86 -1.86374 785.384 10.5763 -838392
37.3 1.72001 0 5400.1 -0.0967652 786.311 9.09414 -839748
37.4 1.72019 0 5397.51 2.49357 782.838 10.1831 -836640
37.5 1.72566 0 5401.45 -1.44994 783.824 11.8876 -836818
37.6 1.72409 0 5403.75 -3.75092 789.724 9.6435 -842154
37.7 1.72516 0 5398.18 1.81867 788.751 10.4857 -840618
37.8 1.72225 0 5400.54 -0.535832 788.735 9.19778 -841663
37.9 1.71799 0 5397.12 2.87864 784.907 8.71903 -838825
38 1.71275 0 5396.51 3.49077 778.768 8.3409 -834681
38.1 1.71382 0 5397.03 2.96885 773.104 10.4325 -829594
38.2 1.71211 0 5401.28 -1.28196 773.652 9.5435 -830638
38.3 1.71787 0 5399.48 0.51662 773.467 11.9358 -828975
38.4 1.72121 0 5404.88 -4.88268 780.128 11.1778 -834567
38.5 1.72561 0 5402.29 -2.28846 785.423 11.5381 -837818
38.6 1.72345 0 5402.33 -2.33281 789.68 9.44786 -842106
38.7 1.72686 0 5398.32 1.6772 788.306 11.2307 -839991
38.8 1.72348 0 5402.28 -2.2837 790.813 9.04479 -843322
38.9 1.72234 0 5396.9 3.1035 787.408 9.77485 -840021
39 1.71718 0 5398.83 1.16855 784.446 8.39274 -838910
39.1 1.71193 0 5395.68 4.32245 777.86 8.33529 -833895
39.2 1.70749 0 5396.27 3.7283 770.774 8.60977 -828804
39.3 1.70738 0 5397.59 2.41088 765.796 10.03 -824512
39.4 1.70582 0 5400.32 -0.318671 765.223 9.56732 -824401
39.5 1.70958 0 5399.46 0.537989 764.6 11.2461 -822899
39.6 1.71439 0 5403.62 -3.61708 769.469 11.6064 -826529
39.7 1.71697 0 5403.33 -3.32975 775.694 10.9169 -831187
39.8 1.71129 0 5400.26 -0.263662 777.477 8.16761 -833693
39.9 1.71374 0 5395.9 4.10085 771.811 10.8605 -828180
40 1.71938 0 5403.47 -3.46978 774.961 11.903 -830557
40.1 1.719 0 5403.72 -3.71825 781.671 10.0022 -836031
40.2 1.71579 0 5398.35 1.65318 780.918 9.06678 -835667
40.3 1.71863 0 5398.15 1.84806 777.613 11.009 -832541
40.4 1.72241 0 5403.16 -3.15665 781.278 11.3222 -835308
40.5 1.71661 0 5401.45 -1.44922 784.658 8.14707 -838985
40.6 1.71268 0 5394.6 5.40448 777.658 8.81121 -833343
40.7 1.71075 0 5397.73 2.27428 772.162 9.46725 -829534
40.8 1.71485 0 5399.87 0.134906 771.007 11.3814 -827661
40.9 1.71271 0 5402.88 -2.88059 775.009 9.41221 -831629
41 1.71109 0 5397.61 2.39092 772.861 9.57027 -829563
41.1 1.71436 0 5399.6 0.39538 771.29 11.1182 -827994
41.2 1.71284 0 5402.41 -2.40724 774.515 9.60783 -831160
41.3 1.71071 0 5398.09 1.91098 772.843 9.40595 -829680
41.4 1.70785 0 5398.23 1.77019 769.538 9.15235 -827624
41.5 1.70384 0 5397.69 2.30846 765.535 8.74451 -824861
41.6 1.70125 0 5397.16 2.84461 760.548 9.20903 -820992
41.7 1.70144 0 5398.76 1.24088 757.594 10.099 -818490
41.8 1.69615 0 5399.72 0.277039 756.677 8.25058 -818677
41.9 1.70082 0 5396.91 3.09196 752.203 11.4876 -813592
42 1.69917 0 5403.81 -3.80815 756.258 9.50513 -818085
42.1 1.69825 0 5398.05 1.94524 755.132 9.73562 -816491
42.2 1.70292 0 5400.21 -0.212546 754.606 11.4996 -815607
42.3 1.70113 0 5403.24 -3.24144 759.264 9.46862 -820107
42.4 1.70123 0 5398.05 1.94698 757.895 10.0703 -818375
42.5 1.69942 0 5400.03 -0.0261669 757.106 9.45848 -818477
42.6 1.70268 0 5399.24 0.76064 756.046 11.0522 -816739
42.7 1.70317 0 5402.63 -2.62534 759.422 10.1989 -819869
42.8 1.69966 0 5399.37 0.631371 759.646 8.8986 -820341
42.9 1.69597 0 5396.85 3.15009 754.939 8.82231 -816965
43 1.69773 0 5398.18 1.81961 751.04 10.5635 -813426
43.1 1.7015 0 5402.35 -2.35189 753.582 11.2069 -815108
43.2 1.6986 0 5401.99 -1.98607 757.378 9.09801 -818733
43.3 1.69427 0 5396.72 3.28188 753.596 8.59145 -815944
43.4 1.68909 0 5396.58 3.41889 747.387 8.26324 -811790
43.5 1.69206 0 5397.47 2.53473 742.366 10.9107 -806837
43.6 1.69714 0 5403.57 -3.57447 746.328 11.5932 -809680
43.7 1.69361 0 5402.64 -2.63901 751.562 8.8664 -814546
43.8 1.69853 0 5397.47 2.53419 749.11 11.5515 -811164
43.9 1.70034 0 5404.25 -4.25024 754.024 10.5926 -815884
44 1.70591 0 5401.47 -1.47493 757.904 11.8022 -817620
44.1 1.70565 0 5403.61 -3.60916 763.615 9.97474 -822988
44.2 1.70388 0 5398.77 1.22636 763.417 9.48991 -822732
44.3 1.70154 0 5398.4 1.60191 760.64 9.29684 -821025
44.4 1.70466 0 5399.1 0.896121 758.698 11.0213 -818776
44.5 1.70736 0 5402.97 -2.96779 762.5 10.9025 -821783
44.6 1.70248 0 5400.74 -0.741339 764.803 8.4298 -824383
44.7 1.69973 0 5395.68 4.31865 759.032 9.15311 -819677
44.8 1.69871 0 5398.61 1.39234 755.239 9.70584 -817032
44.9 1.69441 0 5399.08 0.92492 753.346 8.60105 -816051
45 1.69879 0 5397.73 2.26907 749.757 11.3855 -811922
45.1 1.70186 0 5404.17 -4.16723 754.666 10.9885 -816132
45.2 1.69639 0 5400.75 -0.752434 757.493 8.18502 -819078
45.3 1.69254 0 5395.05 4.94897 750.839 8.75307 -813822
45.4 1.68703 0 5397.27 2.72643 744.899 8.12738 -810137
45.5 1.68689 0 5396.71 3.28658 739.112 9.92933 -804868
45.6 1.68856 0 5400.91 -0.90561 738.995 10.4933 -804737
45.7 1.68926 0 5401.3 -1.30162 741.213 10.1974 -806330
45.8 1.69447 0 5400.99 -0.986655 743.155 11.6231 -806994
45.9 1.69631 0 5403.84 -3.84448 748.99 10.5828 -811988
46 1.70097 0 5401.26 -1.26305 752.4 11.4837 -813751
46.1 1.70033 0 5402.92 -2.91826 757.047 9.8302 -818230
46.2 1.70134 0 5399.05 0.947593 756.949 10.3518 -817605
46.3 1.70277 0 5401.01 -1.0054 757.964 10.4891 -818578
46.4 1.7072 0 5401.58 -1.57858 760.615 11.4447 -819957
46.5 1.71052 0 5403.44 -3.44259 766.135 11.1129 -824228
46.6 1.71217 0 5401.99 -1.99227 770.401 10.605 -827434
46.7 1.71102 0 5400.52 -0.521015 771.98 9.72034 -829039
46.8 1.71391 0 5399.38 0.617166 771.332 10.9958 -827926
46.9 1.71867 0 5402.98 -2.98009 775.269 11.6157 -830721
47 1.71369 0 5402.28 -2.28222 779.748 8.44101 -835345
47.1 1.70791 0 5394.8 5.20494 773.382 8.11657 -830509
47.2 1.71164 0 5397.13 2.86598 767.137 11.2473 -824916
47.3 1.71055 0 5403.42 -3.41645 770.736 9.73903 -828519
47.4 1.70574 0 5397.94 2.05953 769.282 8.46803 -827470
47.5 1.70306 0 5396.24 3.7579 763.114 9.1895 -822820
47.6 1.70339 0 5398.88 1.12213 759.94 10.1519 -820234
47.7 1.69915 0 5400.01 -0.00503129 759.471 8.64494 -820557
47.8 1.70123 0 5397.23 2.77072 755.569 10.679 -816480
47.9 1.69684 0 5401.4 -1.40369 756.372 8.58068 -818472
48 1.69439 0 5396.26 3.74153 751.696 9.22932 -814252
48.1 1.69701 0 5399.24 0.756996 749.043 10.8276 -811906
48.2 1.69966 0 5402.65 -2.64549 752.449 10.8483 -814421
48.3 1.69701 0 5401.08 -1.08406 755.098 9.17459 -816962
48.4 1.70297 0 5398.6 1.39525 753.592 11.9102 -814419
48.5 1.70304 0 5404.63 -4.63212 759.527 10.0668 -820150
48.6 1.69972 0 5398.73 1.27052 759.701 8.96304 -820215
48.7 1.69973 0 5397.57 2.42871 755.74 10.0345 -817021
48.8 1.69588 0 5399.96 0.0419189 754.651 8.76362 -817034
48.9 1.69575 0 5397.27 2.73496 750.78 9.97367 -813331
49 1.70131 0 5401.26 -1.2633 751.4 11.7715 -813212
49.1 1.70738 0 5404.9 -4.90184 758.843 11.972 -818555
49.2 1.71201 0 5404.21 -4.20869 766.851 11.5345 -824406
49.3 1.70753 0 5401.74 -1.73849 771.085 8.59554 -828881
49.4 1.70994 0 5396.49 3.51273 766.873 10.8272 -824549
49.5 1.70613 0 5401.81 -1.81132 767.935 8.82159 -826878
49.6 1.71215 0 5397.89 2.11452 765.724 11.9866 -823192
49.7 1.70639 0 5403.95 -3.94535 770.387 8.11675 -829018
49.8 1.7101 0 5395.61 4.39401 765.868 11.2354 -823447
49.9 1.71281 0 5403.84 -3.83563 769.41 10.9355 -827036
50 1.71196 0 5401.37 -1.37293 772.97 9.8192 -829659
50.1 1.7115 0 5398.85 1.15402 771.926 9.93841 -828835
50.2 1.71545 0 5400.41 -0.406488 772.01 11.3405 -828382
50.3 1.70965 0 5402.06 -2.06074 775.086 8.11398 -832217
50.4 1.7123 0 5395.64 4.36026 769.816 10.9146 -826592
50.5 1.71307 0 5402.84 -2.83926 771.968 10.3343 -829159
50.6 1.71302 0 5400.23 -0.23449 773.502 10.0749 -829908
50.7 1.7107 0 5399.43 0.573536 772.793 9.34214 -829855
50.8 1.71468 0 5398.97 1.03289 771.095 11.3453 -827610
50.9 1.71831 0 5403.76 -3.76456 775.961 11.252 -831470
51 1.71518 0 5401.58 -1.57984 779.783 9.09387 -834991
51.1 1.714 0 5396.98 3.01587 776.204 9.72446 -831953
51.2 1.71097 0 5399.16 0.84302 773.737 9.10794 -830809
51.3 1.71168 0 5398.14 1.85849 770.761 10.3077 -827873
51.4 1.70664 0 5400.16 -0.163241 770.203 8.39012 -828560
51.5 1.70947 0 5396.73 3.27491 765.658 10.9539 -823690
51.6 1.70825 0 5402.54 -2.54188 767.851 9.6861 -826418
51.7 1.71306 0 5399.49 0.512539 768.207 11.5998 -825241
51.8 1.70865 0 5402.91 -2.90812 772.087 8.62431 -829899
51.9 1.7142 0 5397.01 2.99043 769.106 11.8451 -825630
52 1.71543 0 5404.78 -4.78095 774.575 10.4879 -831007
52.1 1.71396 0 5399.92 0.0750351 776.496 9.62898 -832200
52.2 1.71533 0 5398.89 1.11264 774.897 10.5321 -830768
52.3 1.71767 0 5401.6 -1.60488 776.686 10.844 -832100
52.4 1.71356 0 5400.88 -0.876267 778.601 8.75059 -834370
52.5 1.71851 0 5397.42 2.58192 775.335 11.6748 -830378
52.6 1.71969 0 5404.36 -4.36007 780.383 10.4947 -835183
52.7 1.71632 0 5399.66 0.335135 781.76 9.01602 -836336
52.8 1.7221 0 5398.2 1.80389 779.076 11.9663 -833057
52.9 1.71825 0 5404.14 -4.13696 784.14 8.86189 -838678
53 1.72189 0 5396.94 3.05942 781.584 11.2764 -834931
53.1 1.72761 0 5404.02 -4.02137 785.953 11.9808 -838475
53.2 1.72401 0 5403.17 -3.16685 792.12 8.97114 -844058
53.3 1.72049 0 5395.92 4.08123 787.712 8.98506 -840538
53.4 1.72234 0 5398.25 1.7488 783.518 10.7155 -837108
53.5 1.72264 0 5401.98 -1.97619 785.56 10.2328 -838910
53.6 1.7211 0 5399.7 0.303031 785.971 9.63987 -839206
53.7 1.71983 0 5398.6 1.39868 783.872 9.72179 -837703
53.8 1.72428 0 5400 -0.00433788 783.285 11.5473 -836467
53.9 1.72556 0 5403.63 -3.63453 788.408 10.5523 -840803
54 1.72235 0 5399.78 0.219727 789.64 9.10124 -842049
54.1 1.72427 0 5397.74 2.26472 786.355 10.7445 -838928
54.2 1.7266 0 5402.25 -2.25311 788.57 10.8871 -840792
54.3 1.73029 0 5402.02 -2.01602 792.366 11.3385 -843064
54.4 1.72482 0 5401.48 -1.47802 795.303 8.31137 -846676
54.5 1.72428 0 5395.38 4.62383 789.415 9.97343 -841336
54.6 1.72518 0 5400.54 -0.542739 788.219 10.4326 -840806
54.7 1.72702 0 5401.08 -1.08281 789.975 10.7345 -841685
54.8 1.72277 0 5400.51 -0.506616 791.148 8.74188 -843477
54.9 1.7251 0 5396.98 3.01887 787.109 10.881 -839328
55 1.72404 0 5402.16 -2.16373 788.878 9.8096 -841604
55.1 1.7197 0 5398.26 1.74188 787.341 8.69614 -840574
55.2 1.71891 0 5396.82 3.17726 782.125 9.87013 -836343
55.3 1.7198 0 5400.23 -0.23064 781.103 10.4023 -835573
55.4 1.72136 0 5401.02 -1.016 782.633 10.6198 -836437
55.5 1.72219 0 5401.1 -1.10206 784.616 10.3978 -837955
55.6 1.71623 0 5399.46 0.541385 784.321 8.08311 -838770
55.7 1.71825 0 5395.86 4.13745 778.261 10.7466 -832974
55.8 1.71657 0 5402.08 -2.0809 779.439 9.57546 -834932
55.9 1.71214 0 5397.86 2.14455 777.3 8.63279 -833299
56 1.70674 0 5396.17 3.83094 770.993 8.25866 -829003
56.1 1.70735 0 5396.9 3.09694 765.005 10.2536 -823789
56.2 1.70911 0 5401.49 -1.48991 765.791 10.6219 -824370
56.3 1.71429 0 5401.96 -1.95882 769.183 11.7245 -826072
56.4 1.71925 0 5404.19 -4.188 775.914 11.6815 -831087
56.5 1.71676 0 5402.46 -2.45804 781.153 9.31412 -835902
56.6 1.71575 0 5397.3 2.69786 778.394 9.78634 -833486
56.7 1.71794 0 5399.98 0.0244224 777.216 10.8003 -832506
56.8 1.71633 0 5401.54 -1.53741 779.372 9.59542 -834635
56.9 1.71175 0 5397.79 2.20786 776.913 8.57913 -833067
57 1.71234 0 5397.01 2.99248 771.76 10.2743 -828630
57.1 1.71462 0 5401.47 -1.46827 772.56 10.8101 -829204
57.2 1.7188 0 5402.21 -2.20559 776.29 11.4285 -831412
57.3 1.71506 0 5402.08 -2.08086 780.157 8.88833 -835466
57.4 1.71991 0 5397.42 2.57597 777.41 11.6477 -831840
57.5 1.71666 0 5403.55 -3.54816 781.317 9.06286 -836543
57.6 1.71186 0 5396.26 3.73547 777.558 8.49623 -833394
57.7 1.71228 0 5397 2.9958 771.753 10.22 -828731
57.8 1.71073 0 5400.83 -0.831633 771.655 9.59307 -829137
57.9 1.71546 0 5399.54 0.456327 771.365 11.5848 -827643
58 1.71281 0 5403.19 -3.18869 775.664 9.24436 -832221
58.1 1.71549 0 5397.83 2.16737 773.962 10.9396 -829656
58.2 1.72104 0 5403.12 -3.12116 777.441 11.8852 -832253
58.3 1.72439 0 5404.21 -4.20807 784.694 11.1971 -837650
58.4 1.72174 0 5401.18 -1.17666 788.136 9.28312 -840914
58.5 1.71655 0 5396.77 3.22925 784.085 8.37556 -838333
58.6 1.71949 0 5397.09 2.90596 778.621 11.0429 -833282
58.7 1.72476 0 5403.74 -3.73537 782.652 11.8146 -836141
58.8 1.73016 0 5404.25 -4.2455 790.218 11.8882 -841274
58.9 1.72714 0 5402.65 -2.65351 795.756 9.18319 -846546
59 1.72166 0 5396.14 3.85955 791.443 8.2919 -843593
59.1 1.72198 0 5396.51 3.49295 784.885 10.2358 -838249
59.2 1.72498 0 5401.56 -1.55853 785.6 11.091 -838563
59.3 1.72179 0 5401.65 -1.65368 788.591 9.10069 -841491
59.4 1.71709 0 5396.46 3.53506 784.311 8.55836 -838377
59.5 1.72226 0 5397.84 2.15701 779.773 11.7689 -833806
59.6 1.71847 0 5403.91 -3.90961 784.367 8.88461 -838838
59.7 1.71259 0 5395.59 4.40937 779.812 8.09807 -835152
59.8 1.71377 0 5396.42 3.57917 772.9 10.4623 -829445
59.9 1.71277 0 5401.62 -1.62434 773.671 9.7763 -830583
60 1.71579 0 5399.57 0.431685 773.751 11.0468 -829616
60.1 1.72123 0 5403.1 -3.10097 777.938 11.8513 -832541
60.2 1.7253 0 5404.16 -4.15962 785.113 11.4296 -837834
60.3 1.72943 0 5402.78 -2.77636 790.789 11.4738 -841797
60.4 1.72936 0 5402.41 -2.40796 795.359 10.1468 -845834
60.5 1.7241 0 5398.54 1.46252 794.319 8.38344 -845765
60.6 1.72839 0 5396.82 3.17586 789.224 11.5214 -840625
60.7 1.72521 0 5403.46 -3.45775 792.75 9.11918 -844822
60.8 1.71907 0 5396.12 3.88263 788.745 8.02693 -841710
60.9 1.71673 0 5395.58 4.42182 780.868 9.35977 -835733
61 1.71865 0 5399.56 0.44285 778.37 10.7196 -833453
61.1 1.71871 0 5401.75 -1.75419 780.654 10.1398 -835321
61.2 1.72108 0 5400.1 -0.0973496 781.534 10.8713 -835386
61.3 1.71603 0 5400.91 -0.912543 782.862 8.42425 -837690
61.4 1.71134 0 5395.29 4.70613 776.618 8.53891 -832775
61.5 1.71487 0 5397.88 2.11712 771.639 11.2034 -828235
61.6 1.71031 0 5402.58 -2.58304 774.381 8.57743 -831656
61.7 1.71619 0 5397.08 2.92158 771.36 11.9631 -827235
61.8 1.72181 0 5405.7 -5.70455 778.159 11.9104 -832933
61.9 1.72718 0 5404.11 -4.11185 786.371 11.8642 -838393
62 1.72869 0 5403.26 -3.25799 792.705 10.6389 -843638
62.1 1.72522 0 5399.79 0.209988 793.79 9.02276 -845108
62.2 1.72847 0 5397.75 2.25353 790.526 11.1898 -841718
62.3 1.73066 0 5403.26 -3.25964 794.163 10.8616 -844900
62.4 1.73217 0 5401.38 -1.38317 797.494 10.6606 -847034
62.5 1.72932 0 5400.3 -0.297891 798.501 9.24733 -848520
62.6 1.73429 0 5398.46 1.53556 796.463 11.7758 -845723
62.7 1.73026 0 5403.47 -3.46552 800.695 8.85186 -850600
62.8 1.72975 0 5396.24 3.75809 796.869 10.0097 -846648
62.9 1.73034 0 5400.26 -0.257951 795.639 10.3588 -846150
63 1.72768 0 5400.17 -0.165343 795.982 9.30612 -846724
63.1 1.72956 0 5398.22 1.78136 793.542 10.7604 -844125
63.2 1.73446 0 5402.52 -2.52475 796.344 11.7522 -845960
63.3 1.73775 0 5403.87 -3.86848 802.865 11.2503 -850763
63.4 1.73628 0 5401.44 -1.4399 806.534 9.73283 -853994
63.5 1.73961 0 5398.93 1.071 805.636 11.2742 -852550
63.6 1.7403 0 5402.81 -2.81409 809.147 10.4392 -855826
63.7 1.74569 0 5400.89 -0.886191 811.588 11.9794 -856503
